Face:  586 93 114 114
Face:  586 93 114 114
Face:  587 99 114 114
Face:  587 105 120 120
Face:  587 105 120 120
Face:  590 105 117 117
Face:  590 105 117 117
Face:  594 102 116 116
Face:  596 97 114 114
Face:  596 97 114 114
Face:  599 91 113 113
Face:  599 91 113 113
Face:  601 87 113 113
Face:  600 82 117 117
Face:  601 80 118 118
Face:  601 80 118 118
Face:  604 78 116 116
Face:  604 78 116 116
Face:  604 72 117 117
Face:  602 64 121 121
Face:  599 61 123 123
Face:  599 61 123 123
Face:  595 59 124 124
Face:  594 62 121 121
Face:  594 65 118 118
Face:  594 65 118 118
Face:  591 65 120 120
Face:  591 65 120 120
Face:  592 67 117 117
Face:  592 67 117 117
Face:  594 70 115 115
Face:  1027 89 222 222
Face:  1027 89 222 222
Face:  598 78 113 113
Face:  600 83 112 112
Face:  600 83 112 112
Face:  602 87 114 114
Face:  1047 96 219 219
Face:  1047 96 219 219
Face:  608 96 113 113
Face:  608 96 113 113
Face:  610 99 112 112
Face:  1042 100 221 221
Face:  1042 100 221 221
Face:  613 101 109 109
Face:  1037 95 230 230
Face:  615 98 108 108
Face:  615 98 108 108
Face:  615 94 112 112
Face:  615 94 112 112
Face:  615 93 112 112
Face:  615 93 112 112
Face:  615 93 113 113
Face:  615 93 113 113
Face:  614 93 117 117
Face:  614 93 117 117
Face:  616 98 114 114
Face:  616 98 114 114
Face:  616 98 114 114
Face:  621 102 112 112
Face:  990 82 203 203
Face:  990 82 203 203
Face:  625 78 113 113
Face:  625 78 113 113
Face:  625 78 112 112
Face:  627 80 110 110
Face:  625 82 111 111
Face:  625 82 111 111
Face:  625 82 112 112
Face:  1000 84 236 236
Face:  624 83 113 113
Face:  625 88 112 112
Face:  625 88 112 112
Face:  628 113 110 110
Face:  628 114 110 110
Face:  627 111 110 110
Face:  630 103 109 109
Face:  630 115 109 109
Face:  630 116 107 107
Face:  628 111 112 112
Face:  627 109 113 113
Face:  625 108 115 115
Face:  626 110 111 111
Face:  628 113 108 108
Face:  628 113 108 108
Face:  629 112 108 108
Face:  629 112 108 108
Face:  630 111 108 108
Face:  630 111 107 107
Face:  629 115 108 108
Face:  631 124 110 110
Face:  631 124 110 110
Face:  630 129 113 113
Face:  631 133 113 113
Face:  632 136 112 112
Face:  634 142 109 109
Face:  634 142 109 109
Face:  636 141 107 107
Face:  636 141 107 107
Face:  636 134 109 109
Face:  638 137 107 107
Face:  638 137 107 107
Face:  639 138 108 108
Face:  639 138 108 108
Face:  640 139 109 109
Face:  641 140 107 107
Face:  641 118 108 108
Face:  639 118 106 106
Face:  636 118 106 106
Face:  1000 88 227 227
Face:  629 114 107 107
Face:  629 114 107 107
Face:  623 112 106 106
Face:  593 414 130 130
Face:  593 414 130 130
Face:  473 243 83 83
Face:  612 114 106 106
Face:  994 93 205 205
Face:  474 243 81 81
